15,29,04,06,20,10,01,44,22,25,
36,30,27,45,15,24,11,37,41,39,
08,10,44,31,18,06,39,49,27,11,
31,18,25,04,12,48,06,45,05,38,
01,35,33,40,42,17,48,10,21,43,
15,19,42,22,20,16,17,44,21,28,
30,47,19,01,35,13,33,03,11,02,
14,36,04,43,29,35,26,19,03,11,
19,42,17,11,37,14,16,35,32,47,
35,17,11,41,06,23,39,14,03,05,
14,36,46,43,20,16,37,47,09,27,
39,08,24,11,41,23,19,32,45,21,
12,42,27,20,39,43,29,04,14,13,
08,20,23,11,14,36,24,28,27,10,
49,17,28,27,13,33,07,26,03,48,
13,39,04,31,15,35,36,34,20,49,
02,28,16,03,44,11,35,32,47,07,
12,09,37,17,34,06,43,25,08,15,
01,34,20,49,26,07,36,39,47,09,
27,06,33,03,28,42,26,36,34,39,
27,23,28,03,34,43,49,37,17,16,
04,37,11,14,23,12,36,19,13,39,
23,02,18,37,21,42,26,13,20,49,
20,26,01,25,37,08,30,27,23,21,
21,27,29,40,42,36,34,49,32,37,
28,17,38,21,23,37,27,16,24,15,
40,42,22,09,31,38,28,27,49,46,
31,05,01,04,06,49,03,44,28,36,
40,48,26,06,16,47,09,27,33,36,
41,29,19,46,33,03,01,07,23,17,
32,08,15,20,26,01,06,45,24,05,
29,19,07,26,16,18,08,14,42,33,
32,06,39,31,34,23,18,08,25,37,
31,34,23,38,21,33,01,35,36,25,
11,25,04,31,44,27,06,16,02,18,
08,20,26,38,05,19,09,37,12,36,
05,48,16,47,30,41,49,23,02,28,
43,30,17,44,41,10,18,45,28,07,
01,30,47,48,43,25,08,14,27,29,
10,11,41,45,05,32,43,30,02,31,
47,07,23,37,22,04,25,45,28,42,
09,21,46,43,10,05,07,13,33,42,
37,02,21,22,40,19,48,06,16,12,
47,07,36,04,14,25,08,41,06,45,
05,42,36,34,10,18,25,04,12,48,
04,02,27,26,19,30,18,31,34,23,
45,11,41,43,35,16,08,40,01,34,
37,22,14,32,47,03,21,23,12,07,
18,14,23,17,34,45,06,41,29,35,
23,27,06,33,32,04,12,19,01,34,
09,17,44,22,35,36,14,29,34,39,
31,05,48,43,34,49,13,06,16,37,
48,39,41,33,07,36,14,42,03,05,
46,31,34,26,01,25,08,49,16,40,
28,33,40,42,07,03,34,43,04,35,
15,20,43,25,47,36,40,38,19,07,
40,01,04,25,35,07,42,33,09,12,
17,18,25,14,23,02,31,35,22,30,
01,09,18,37,21,27,39,06,20,43,
46,02,41,20,39,35,22,30,11,43,
16,47,38,44,08,10,15,34,39,06,
23,22,24,38,48,20,49,16,28,26,
19,30,28,03,05,07,34,23,41,39,
09,31,21,03,05,42,22,10,34,16,
20,39,02,27,45,24,05,32,43,10,
13,20,29,30,47,09,11,06,39,08,
01,20,23,21,46,45,19,42,22,40,
06,29,40,38,05,13,39,31,44,08,
17,34,45,26,40,36,19,32,28,22,
16,22,04,43,20,45,44,02,28,03,
07,32,41,33,13,39,35,27,20,29,
49,16,28,33,09,37,22,35,23,14,
41,45,44,12,42,07,22,19,40,01,
46,45,48,10,21,13,26,40,03,38,
07,46,45,11,08,15,40,38,05,19,
11,12,30,18,41,16,47,01,24,20,
42,17,18,25,43,10,24,05,40,13,
49,27,42,36,04,45,28,17,38,21,
25,02,27,43,15,09,08,19,36,40,
11,37,21,42,16,35,22,19,03,28,
08,09,31,28,42,33,22,35,26,07,
32,43,19,36,09,21,22,10,34,15,
38,34,06,43,14,46,20,26,40,13,
12,09,47,30,08,29,15,40,02,18,
17,38,11,41,16,37,44,47,19,01,
31,34,23,28,26,32,45,21,16,01,
16,02,28,03,05,36,20,26,40,18,
27,49,03,05,32,04,41,45,44,39,
21,23,02,08,20,43,15,06,16,27,
41,20,39,06,49,22,30,34,17,11,
26,01,24,11,41,40,07,36,45,44,
21,32,31,05,46,37,28,33,19,01,
35,42,13,06,16,47,01,04,02,12,
31,44,01,40,38,24,05,48,33,32,
22,15,19,46,02,37,47,38,05,30,
46,06,10,28,17,18,25,45,01,34,
23,27,06,45,05,46,08,35,16,41,
36,40,10,34,45,44,18,47,07,26,
20,39,31,44,37,22,04,35,17,48,
37,31,48,29,20,26,38,05,40,46,
30,22,25,12,40,32,04,02,46,37,
46,41,33,42,17,28,21,30,03,24,
37,27,45,15,34,49,33,48,29,14,
46,43,10,24,44,28,13,16,17,05,
36,34,49,22,10,33,03,21,16,31,
44,12,46,47,32,25,06,29,09,31,
15,34,49,42,36,25,08,09,18,47,
16,17,05,42,32,47,46,31,34,03,
18,31,15,30,02,21,42,36,04,43,
14,23,02,31,21,13,33,07,36,35,
28,42,23,37,22,15,29,04,08,35,
47,38,34,06,33,32,43,19,13,49,
11,02,47,01,04,25,06,49,32,08,
49,23,27,33,13,39,47,07,21,46,
46,35,17,28,32,02,22,04,43,40,
40,01,15,10,34,23,18,47,46,36,
41,45,44,27,16,22,25,24,20,49,
31,44,28,33,38,05,19,34,32,06,
11,04,02,47,38,05,48,43,34,49,
32,25,04,41,26,38,34,06,33,42,
28,16,21,46,14,33,09,22,34,39,
28,26,13,49,29,20,33,07,23,17,
01,30,22,14,27,39,45,18,35,42,
24,15,35,13,43,21,33,48,06,26,
22,30,27,06,26,19,38,15,35,13,
01,24,11,47,32,06,49,08,04,45,
31,34,45,44,41,10,01,30,12,32,
37,12,46,28,03,44,22,25,31,48,
38,44,31,01,10,02,28,07,32,37,
33,30,11,45,38,28,07,27,49,22,
09,37,22,34,29,41,49,16,18,31,
26,13,49,16,28,03,34,43,04,40,
49,36,25,08,04,43,30,12,10,05,
14,32,41,33,36,24,48,39,45,38,
16,08,20,43,04,35,22,29,32,12,
17,21,26,32,04,41,43,24,28,02,
05,38,24,44,22,25,41,43,14,42,
18,02,28,16,36,04,31,24,44,12,
17,05,13,20,49,22,30,24,03,18,
09,18,37,08,19,13,29,30,47,31,
44,18,31,24,48,39,43,10,34,14,
35,27,49,32,37,31,21,13,26,19,
38,21,36,14,32,08,34,39,13,16,
40,07,16,18,02,17,44,34,23,11,
38,01,29,14,27,39,41,45,05,19,
25,08,24,28,17,38,21,26,03,48,
40,30,28,26,36,19,46,41,45,05,
03,34,26,01,14,46,25,35,42,32,
16,47,19,30,41,49,17,28,27,10,
15,29,25,37,28,16,31,38,11,47,
49,22,10,05,48,16,17,15,35,23,
25,47,36,30,17,24,44,28,26,13,
28,23,37,12,42,22,35,16,08,09,
32,45,48,39,14,03,44,37,17,15,
28,03,05,46,41,16,02,39,04,37,
44,18,12,40,07,16,11,35,46,45,
10,18,45,48,29,09,21,32,02,12,
15,40,48,06,43,25,37,31,01,20,
19,48,45,44,21,27,49,23,12,03,
01,10,05,19,30,11,35,27,49,33,
30,11,35,42,16,08,19,32,14,26,
39,14,33,40,32,35,22,10,05,38,
41,23,28,03,44,21,22,20,06,45,
38,05,01,15,09,11,35,07,46,14,
37,02,08,20,26,30,21,22,09,41,
24,15,14,17,21,23,02,41,29,07,
32,08,34,29,10,05,40,06,49,22,
29,30,12,36,10,15,14,22,40,01,
19,07,23,27,16,12,13,49,26,03,
32,31,34,16,47,19,01,35,13,43,
32,04,12,40,36,10,24,44,46,41,
37,47,01,34,49,42,26,32,45,20,
26,42,22,30,37,47,38,05,09,17,
40,07,23,37,47,01,25,41,43,35,
47,48,26,40,32,06,49,37,41,20,
11,14,13,33,07,03,15,35,26,16,
36,15,40,48,16,12,30,37,17,05,
44,47,38,05,48,06,33,07,24,15,
45,28,46,04,37,41,39,08,43,10,
14,17,21,16,18,08,34,29,30,47,
08,24,28,27,39,12,40,46,41,45,
15,10,05,32,14,13,45,44,28,23,
28,17,27,39,43,09,21,22,19,13,
01,29,25,37,18,08,15,04,35,46,
49,23,17,44,47,40,03,11,02,22,
03,05,32,04,41,45,13,20,49,46,
02,27,16,47,30,08,29,25,32,06,
42,26,13,20,29,33,32,45,18,35,
32,35,27,29,09,28,03,15,33,48,
11,45,48,39,12,09,27,23,25,14,
13,06,16,22,35,33,19,40,46,08,
36,15,20,06,26,30,28,33,40,07,
18,45,38,01,30,37,22,35,26,07,
31,44,41,20,49,42,13,26,09,02,
18,47,13,29,10,05,38,09,01,04,
21,03,44,47,38,15,24,18,25,45,
36,14,42,26,07,03,05,09,22,46,
29,04,25,14,03,15,45,28,32,02,
20,33,46,37,41,10,21,16,28,26,
34,49,26,42,32,08,04,06,10,01,
48,49,46,45,11,12,40,36,30,02,
30,18,08,04,25,35,17,38,48,49,
35,22,20,45,15,30,17,34,33,32,
05,09,22,34,29,20,23,11,14,13,
28,23,22,14,07,27,10,01,29,09,
13,06,26,01,15,30,47,19,40,07,
21,13,43,25,47,07,03,15,24,11,
02,37,17,44,41,39,43,40,01,04,
28,17,48,49,26,42,07,22,19,13,
46,35,17,11,02,28,26,42,13,09,
44,12,03,38,18,14,13,45,28,16,
44,22,34,39,35,19,03,18,25,04,
29,25,31,05,09,02,11,04,12,01,
24,28,17,21,26,36,40,42,07,33,
10,01,20,43,25,08,47,36,34,33,
11,25,45,18,04,12,01,15,20,16,
48,33,32,25,14,13,06,45,44,17,
18,25,43,19,32,29,34,40,30,08,
31,11,37,41,49,13,16,22,35,03,
19,46,08,24,01,07,26,42,22,10,
01,10,44,27,45,05,42,03,15,14,
36,15,10,44,27,26,38,24,17,34,
34,39,45,01,30,02,21,22,10,05,
06,49,42,23,02,21,26,46,12,48,
26,38,05,46,41,33,07,30,28,03,
20,49,26,46,02,12,07,33,01,15,
14,13,26,38,05,46,41,06,16,47,
04,12,38,44,31,21,23,27,43,06,
05,46,41,23,31,11,12,19,38,44,
31,05,48,23,18,34,45,44,22,15,
18,06,39,47,46,02,27,33,13,12,
39,43,20,33,32,30,02,18,17,15,
37,21,27,49,46,04,41,16,47,30,
28,13,33,07,03,15,24,48,10,22,
09,11,45,21,36,15,29,35,26,03,
37,41,10,28,07,22,09,08,05,32,
20,43,34,39,45,38,21,16,08,06,
08,30,37,22,34,29,40,32,14,26,
27,06,45,15,24,21,03,25,08,35,
05,30,28,26,32,06,49,23,02,18,
07,16,28,31,18,06,49,23,17,24,
12,07,36,15,30,37,47,40,09,31,
21,33,01,04,25,45,16,11,37,31,
32,45,48,29,09,11,35,42,26,03,
39,37,31,18,06,29,09,12,30,41,
12,30,18,41,23,31,35,07,32,21,
42,16,11,35,17,21,03,05,40,13,
01,40,32,04,47,03,48,49,42,33,
10,48,39,14,23,27,43,15,29,04,
18,43,30,37,02,31,38,11,12,09,
19,48,16,47,30,28,08,09,31,29,
13,43,14,32,12,01,24,21,23,02,
03,05,46,12,38,40,32,45,48,49,
43,10,34,06,45,24,05,40,36,29,
47,30,31,21,33,01,14,22,19,13,
12,01,25,02,47,40,46,41,43,34,
08,30,22,04,45,48,39,15,19,46,
01,25,08,24,38,18,45,21,33,09,
47,13,49,36,34,39,37,11,45,21,
36,10,15,35,03,24,44,28,26,13,
05,40,46,02,17,34,26,09,47,30,
26,30,31,38,11,05,32,14,33,19,
09,22,24,01,30,47,19,34,29,28,
48,26,09,12,42,27,29,10,15,34,
07,16,28,26,32,25,45,21,13,01,
09,31,21,03,15,19,42,36,14,17,
07,22,20,23,31,38,21,34,29,28,
19,42,27,29,09,18,37,41,39,12,
32,04,47,03,28,08,34,20,49,13,
04,02,21,32,37,18,12,42,41,45,
20,49,27,07,32,47,13,46,25,04,
29,24,48,39,35,32,47,07,23,02,
11,06,49,03,44,41,39,31,05,42,
16,37,02,21,46,04,27,20,10,01,
33,07,26,36,19,20,16,02,11,06,
45,11,47,13,29,20,26,09,12,36,
16,11,45,12,40,42,27,10,21,26,
36,14,46,04,02,27,43,34,29,20,
12,07,26,36,09,11,45,38,21,03,
27,29,10,44,31,21,23,17,24,28,
33,46,41,23,28,03,05,07,26,21,
43,14,22,40,30,11,06,39,36,04,
06,49,27,36,35,16,08,09,11,25,
36,24,11,02,17,34,43,25,37,18,
45,01,19,13,10,18,11,37,41,39,
46,31,24,05,48,16,37,02,21,22,
04,02,47,30,41,39,03,11,12,09,
12,07,26,46,02,22,35,36,34,10,
26,19,48,43,15,10,05,01,14,17,
24,38,18,14,33,15,25,37,28,36,
27,45,15,30,17,35,16,31,18,39,
28,46,45,18,04,47,32,14,13,26,
19,09,22,25,47,13,39,04,37,21,
12,38,05,19,09,27,45,15,25,02,
17,05,09,12,32,43,29,34,30,27,
04,31,24,05,40,36,20,06,26,09,
35,32,47,27,49,23,16,01,14,46,
32,25,35,17,48,29,10,44,21,49,
48,39,31,15,14,22,29,25,41,26,
34,45,06,26,09,47,19,30,11,25,
47,03,01,20,26,48,43,25,37,08,
22,40,48,06,23,21,42,03,05,38,
13,33,29,10,44,41,20,39,14,45,
23,08,19,03,21,13,43,34,49,32,
09,22,04,06,39,47,46,08,35,36,
10,05,32,25,04,37,18,31,34,16,
43,10,24,05,19,30,18,02,31,28,
07,13,06,33,32,20,39,49,17,01,
01,25,41,16,37,27,45,24,34,23,
39,06,02,47,30,08,09,28,03,15,
05,03,28,07,32,12,01,25,37,31,
05,32,25,43,30,02,11,04,12,38,
19,30,28,13,43,04,25,35,46,37,
06,10,18,14,03,34,33,46,31,15,
46,25,45,11,08,15,30,02,41,10,
29,04,06,49,17,48,39,02,31,28,
29,09,31,38,01,40,24,34,16,02,
03,05,13,20,49,26,46,31,01,24,
03,28,07,22,20,26,38,34,06,33,
37,12,07,33,09,22,14,46,23,02,
39,41,26,19,30,49,16,18,37,47,
48,39,08,24,11,12,09,46,31,15,
13,49,16,41,10,11,37,14,31,21,
31,05,09,27,43,24,01,29,25,41,
24,05,09,37,47,19,48,16,02,31,
11,14,03,05,36,29,15,09,21,07,
38,28,17,48,20,39,08,15,10,44,
33,46,31,44,21,22,29,24,48,20,
13,20,39,41,33,42,32,37,08,30,
30,37,12,03,11,47,07,26,13,10,
27,10,18,06,39,43,09,08,19,03,
49,27,20,29,10,34,45,44,02,28,
01,14,07,42,03,44,47,40,13,49,
02,11,14,33,19,01,35,13,23,28,
34,26,38,05,09,12,03,18,43,30,
38,05,19,30,41,39,14,33,01,35,
31,05,36,19,46,08,34,49,13,23,
24,28,17,46,06,39,41,33,42,27,
29,30,47,01,04,41,45,44,27,16,
01,40,13,39,12,38,44,08,30,17,
14,03,44,21,42,16,31,23,47,30,
02,22,34,49,27,39,35,07,09,08,
42,32,08,25,12,48,45,44,28,26,
49,23,12,03,48,20,29,40,38,24,
08,30,02,28,26,13,20,49,27,10,
03,34,23,18,08,49,36,24,06,13,
01,15,29,10,05,03,48,39,08,24,
33,01,25,08,34,10,11,12,09,47,
45,11,02,12,03,21,33,48,23,28,
20,23,28,13,33,07,36,15,40,30,
36,20,43,14,07,17,11,47,10,44,
40,03,48,39,06,20,12,26,30,08,
40,09,47,48,43,15,10,05,30,11,
20,16,27,26,30,21,17,28,07,32,
16,22,34,29,09,18,02,17,44,21,
38,05,24,15,29,14,27,49,36,32,
38,21,03,34,16,27,22,10,01,30,
27,16,37,22,34,49,13,43,35,26,
32,04,47,03,11,41,33,46,02,12,
09,17,05,13,49,07,42,16,08,40,
16,31,11,02,47,40,07,33,09,38,
35,32,37,21,42,36,24,01,29,04,
18,02,47,09,37,11,43,20,24,21,
35,46,14,33,01,43,20,34,49,32,
16,11,04,47,07,33,19,01,35,13,
04,35,32,12,48,33,07,13,23,41,
25,08,04,47,36,20,23,28,14,07,
15,09,31,11,12,17,04,25,43,30,
43,40,01,15,03,28,46,04,08,14,
37,31,01,09,21,23,12,13,49,26,
49,13,43,25,31,44,37,02,41,20,
45,38,21,26,36,29,04,06,49,23,
33,40,07,26,36,09,02,18,37,28,
28,22,40,19,42,32,31,05,48,45,
32,25,45,48,39,12,40,13,29,20,
34,39,08,49,33,09,12,36,29,24,
27,49,32,08,34,33,09,12,42,22,
09,11,04,37,31,05,30,21,22,29,
19,13,39,35,46,07,17,28,22,29,
01,35,33,48,45,24,05,42,17,18,
30,02,08,40,19,41,10,48,49,03,
07,42,26,13,45,44,27,16,02,28,
34,20,10,21,13,16,37,22,04,43,
32,45,01,10,05,38,15,40,36,19,
18,02,41,39,12,40,07,23,22,25,
17,44,22,04,08,15,29,14,27,19,
48,33,46,47,03,18,06,49,32,08,
22,19,32,35,17,11,12,48,06,33,
08,25,02,37,22,35,16,11,27,49,
45,48,39,14,13,26,30,41,29,19,
08,40,09,12,13,29,30,47,38,24,
47,46,37,21,43,40,38,05,48,45,
18,14,26,32,04,47,36,09,21,42,
17,05,19,38,01,14,22,10,15,25,
29,09,28,13,16,37,47,48,26,38,
40,36,20,06,26,48,23,08,16,27,
06,26,19,09,12,32,49,04,47,46,
43,35,13,33,42,22,19,03,34,06,
15,09,21,22,40,30,11,14,13,26,
22,25,08,04,02,12,36,09,10,15,
09,12,13,39,02,37,18,17,34,06,
19,32,04,02,27,45,15,34,39,08,
35,17,28,22,09,16,18,37,31,11,
44,11,35,46,45,48,39,04,41,16,
15,10,05,01,14,32,31,44,27,33,
11,25,06,29,20,16,27,26,01,31,
44,27,45,37,22,14,46,01,10,24,
05,32,06,29,20,43,34,49,13,45,
19,01,34,20,49,16,31,38,30,02,
44,37,12,32,04,19,48,23,31,21,
19,30,41,49,33,40,13,39,16,17,
17,11,47,36,40,19,09,02,31,12,
35,13,06,26,19,48,01,04,27,49,
16,18,02,22,14,42,41,10,06,39,
45,15,25,47,32,14,03,34,24,44,
16,11,43,09,08,19,42,32,24,48,
06,39,45,21,16,42,23,12,32,20,
02,08,20,45,44,18,41,23,28,33,
08,30,27,06,43,34,49,46,04,47,
44,08,10,24,15,25,31,11,45,48,
15,30,02,11,25,06,39,47,46,38,
24,48,10,38,18,45,49,17,28,27,
09,31,01,11,06,10,21,33,47,30,
25,04,02,17,15,35,23,12,36,10,
22,20,26,30,21,46,25,45,11,12,
33,48,23,08,29,25,31,34,11,14,
33,13,49,17,01,40,30,08,19,42,
42,22,09,28,03,24,05,32,06,49,
12,38,05,32,14,36,04,02,28,03,
16,47,09,17,05,36,30,37,27,06,
25,31,24,05,19,48,26,01,41,34,
02,27,06,33,13,20,49,32,31,15,
42,46,06,49,27,10,18,43,09,21,
15,04,25,43,40,38,34,16,47,48,
18,25,14,26,32,45,35,37,41,29,
08,15,20,43,04,25,41,45,44,02,
20,39,04,37,28,23,47,19,01,34,
25,02,47,30,41,49,03,44,20,29,
41,33,03,11,16,17,05,36,10,44,
28,23,12,42,27,20,49,16,21,32,
44,17,24,34,16,27,37,22,10,11,
37,22,15,19,36,09,28,23,02,11,
16,18,12,40,03,38,35,22,19,48,
47,19,38,05,40,13,39,08,15,29,
14,03,05,40,46,37,18,08,25,41,
10,44,21,17,11,47,42,07,46,14,
38,01,29,15,20,33,03,28,27,49,
31,05,42,36,24,48,20,10,28,27,
18,37,11,45,28,42,33,38,34,46,
36,34,20,39,25,14,23,17,44,12,
13,39,25,45,11,02,12,36,10,44,
03,05,13,39,35,17,38,18,43,20,
15,29,25,47,36,30,22,04,41,43,
18,02,22,24,48,39,31,05,07,33,
11,35,46,14,03,05,19,01,32,37,
27,39,06,49,23,33,03,11,47,36,
25,12,40,36,10,15,14,32,47,45,
28,42,26,32,35,46,25,14,03,34,
36,35,23,37,47,38,44,27,06,45,
29,09,11,25,43,30,17,44,28,16,
26,19,48,06,43,15,10,24,44,22,
43,25,31,05,13,49,27,17,21,26,
18,02,22,25,47,07,16,28,26,13,
05,32,14,16,41,10,48,39,31,44,
35,33,01,04,14,03,44,18,12,09,
18,06,10,48,20,29,09,41,28,32,
35,13,26,01,16,41,49,33,30,20,
08,04,25,45,18,06,49,27,20,17,
49,17,38,01,20,26,48,43,34,39,
34,33,03,01,09,41,49,48,06,16,
40,46,12,09,17,44,41,49,26,13,
31,05,07,16,18,43,09,21,13,06,
08,25,12,19,38,34,16,47,44,37,
10,05,32,06,20,49,33,48,43,24,
26,40,13,49,32,08,35,23,22,34,
43,20,26,38,05,36,15,09,08,30,
21,13,33,39,45,28,17,01,29,35,
08,29,15,20,43,35,03,24,05,40,
03,18,35,42,33,09,47,30,07,01,
42,33,01,25,37,28,13,45,44,12,
05,03,01,30,17,34,10,21,13,33,
02,28,26,03,18,14,33,01,24,48,
46,14,16,41,49,26,42,07,17,11,
06,49,33,48,43,24,38,18,35,17,
49,27,20,29,09,11,43,40,19,48,
06,39,45,38,01,19,03,18,25,35,
44,22,25,37,41,49,26,13,03,34,
43,19,46,41,35,23,22,33,30,31,
17,18,25,43,19,03,38,48,49,13,
42,32,47,46,41,06,43,25,02,38,
14,22,19,42,07,32,37,18,41,33,
03,05,09,37,02,41,29,15,30,22,
08,34,29,30,27,45,44,12,42,22,
28,33,38,44,17,16,41,10,01,29,
32,37,21,12,38,34,45,05,35,08,
18,37,08,09,21,27,39,04,02,17,
03,24,34,06,43,04,10,05,21,36,
03,48,39,08,25,12,38,44,41,35,
32,25,45,28,17,48,49,13,23,11,
37,12,07,33,30,08,40,09,17,05,
31,44,41,10,18,06,28,17,48,49,
46,41,06,23,08,30,37,02,21,27,
03,05,01,15,10,40,46,47,18,14,
13,33,36,19,46,47,40,30,41,20,
19,42,27,49,36,04,43,09,11,45,
29,14,32,47,46,02,37,12,13,20,
15,30,37,12,13,39,18,47,06,49,
14,27,49,42,33,30,08,10,44,17,
45,44,21,32,37,11,04,31,02,18,
16,12,36,09,18,37,31,11,44,22,
44,37,17,34,23,18,41,28,26,46,
45,48,49,36,15,09,11,14,23,17,
29,24,21,13,45,44,31,38,48,39,
20,49,36,15,29,34,39,14,16,21,
35,26,13,10,38,01,44,08,05,39,
15,30,12,36,29,24,28,22,34,19,
08,35,03,15,34,39,41,45,24,44,
24,11,37,28,33,40,42,32,47,25,
42,17,28,23,24,44,02,21,32,08,
35,36,14,27,49,33,38,05,40,03,
27,45,34,16,37,43,14,46,13,26,
41,39,06,10,01,20,43,34,47,07,
44,18,47,32,35,27,29,19,14,33,
02,37,12,42,27,49,26,07,03,34,
06,26,09,22,25,12,48,45,44,17,
04,25,02,22,34,20,39,47,30,18,
21,22,40,13,10,28,44,18,08,14,
42,26,13,29,15,40,48,43,34,49,
04,41,26,09,47,48,45,44,39,08,
22,10,44,28,33,09,47,30,31,01,
37,08,29,04,06,49,16,28,23,17,
02,27,26,01,15,19,03,30,37,11,
04,31,44,37,27,16,12,46,18,14,
10,01,19,46,47,42,27,49,32,07,
37,18,41,45,05,19,40,03,01,30,
47,03,48,29,10,15,25,07,36,24,
13,10,01,29,15,25,37,21,32,41,
15,20,06,33,03,11,31,05,48,16,
27,45,44,21,17,28,42,26,03,16,
28,32,37,18,08,34,20,39,47,36,
41,43,04,14,03,44,12,32,09,49,
39,06,49,23,22,15,30,25,12,31,
33,19,30,41,49,46,45,11,02,22,
27,43,35,23,47,48,16,22,15,29,
49,23,47,30,28,03,24,44,16,21,
16,22,34,39,08,04,06,29,40,19,
18,35,07,17,21,26,36,29,25,02,
04,12,40,13,20,39,47,36,30,17,
44,37,47,30,18,21,22,40,48,16,
22,15,10,05,48,06,26,09,35,36,
39,14,33,01,24,28,46,36,35,03,
45,44,22,04,25,14,36,35,34,10,
14,23,22,15,19,03,28,32,37,13,
26,13,20,39,35,42,23,02,08,29,
18,02,37,31,05,42,27,49,23,17,
02,31,28,42,23,17,15,04,43,29,
44,31,21,26,36,30,37,47,19,40,
10,28,32,12,38,05,09,22,25,41,
04,47,36,10,44,11,45,38,28,46,
45,05,19,01,04,14,23,22,35,26,
02,21,46,43,10,34,33,03,28,20,
40,03,11,08,15,30,12,46,01,04,
37,02,21,17,28,07,27,49,23,08,
06,26,19,01,15,20,43,25,47,07,
03,18,04,37,08,40,01,15,29,35,
15,40,42,17,01,20,33,07,03,34,
44,18,31,02,28,36,15,10,35,16,
47,36,10,44,22,34,39,04,41,06,
04,08,25,34,39,41,16,02,31,18,
22,40,09,04,45,11,31,24,15,34,
49,46,43,20,26,01,15,30,27,19,
20,43,24,28,07,46,04,08,14,32,
04,12,38,44,18,40,07,36,06,39,
38,44,12,46,24,21,22,09,41,49,
09,21,27,10,28,32,37,18,31,44,
20,49,26,42,46,06,29,40,19,09,
01,09,18,31,24,44,08,19,13,39,
16,31,38,11,37,28,33,30,21,46,
26,07,03,15,04,14,16,21,17,18,
12,01,04,35,32,47,46,37,31,28,
24,38,18,04,08,25,47,13,10,01,
14,26,46,31,34,45,15,04,25,11,
43,04,06,29,25,47,36,40,19,38,
48,26,33,42,27,39,37,31,21,16,
20,26,48,33,36,40,46,02,47,09,
49,36,04,35,22,09,18,08,15,10,
06,49,46,25,43,10,05,30,28,16,
17,05,07,36,34,20,39,35,27,49,
22,30,12,32,14,33,48,26,18,37,
38,01,09,21,22,30,27,06,45,44,
37,41,10,18,43,19,46,12,40,42,
40,46,12,01,34,49,27,29,30,41,
03,05,07,24,48,23,28,13,43,15,
31,11,02,37,17,05,42,07,32,41,
10,11,08,24,21,23,02,27,49,17,
04,08,35,13,45,24,05,40,42,46,
13,43,14,17,21,23,47,48,16,01,
31,11,41,43,15,20,33,32,09,01,
35,42,26,36,09,28,13,23,45,15,
20,16,22,15,43,04,12,40,32,34,
24,34,45,33,32,06,49,17,38,11,
05,32,25,35,41,23,21,46,07,17,
31,44,28,13,43,25,08,12,48,16,
14,33,38,15,04,43,20,06,26,30,
04,06,39,31,44,17,05,38,34,23,
49,16,21,22,19,13,39,43,10,24,
19,40,13,39,37,41,04,12,42,26,
14,07,32,37,21,27,20,10,13,45,
49,33,38,15,24,28,32,41,06,46,
14,36,24,11,47,19,40,30,21,27,
14,07,32,31,05,01,35,03,44,28,
11,41,33,07,19,01,34,49,23,37,
38,28,32,12,34,16,17,44,31,21,
15,20,16,17,44,37,22,25,31,05,
22,30,47,19,09,27,23,41,29,36,
07,22,29,15,10,24,34,33,09,47,
22,20,23,31,38,11,37,41,29,14,
22,30,17,05,13,49,07,27,39,12,
29,14,17,48,30,22,24,38,11,12,
03,01,30,27,23,11,35,32,47,25,
44,27,33,07,13,46,02,31,28,42,
28,27,39,25,06,10,48,08,24,38,
49,46,43,09,11,04,47,32,30,12,
19,30,08,40,03,11,12,07,13,23,
04,06,49,27,20,39,37,28,33,40,
08,09,11,14,03,44,31,28,46,43,
44,11,35,17,18,32,47,07,38,12,
20,06,26,09,17,34,45,15,25,08,
15,04,25,35,32,12,01,02,47,48,
34,45,05,09,47,01,24,29,14,27,
04,37,28,13,43,25,21,46,14,23,
29,04,06,20,49,33,01,24,38,11,
40,48,26,30,21,27,49,16,08,17,
47,01,15,09,28,13,16,14,17,07,
27,20,29,10,44,31,18,04,12,48,
14,16,08,29,34,39,12,01,24,48,
45,24,05,13,10,01,44,11,14,16,
27,06,45,24,34,33,36,09,11,14,
08,25,47,46,12,19,09,17,05,38,
40,42,13,06,45,05,48,33,36,19,
21,33,09,22,34,20,39,35,42,03,
05,46,31,01,04,45,19,47,36,20,
29,34,20,40,38,44,21,22,04,45,
38,21,33,48,06,16,02,08,09,31,
22,40,07,36,35,23,17,05,13,39,
13,39,08,25,41,23,30,37,02,11,
33,07,13,43,24,18,06,49,27,20,
42,22,19,13,10,38,21,23,37,15,
05,13,49,42,23,12,10,28,17,18,
47,07,16,11,04,41,43,25,35,32,
45,48,49,42,13,43,15,19,20,26,
11,06,49,23,37,12,03,38,31,05,
09,21,17,01,40,22,14,32,02,47,
18,25,06,39,47,13,29,30,12,32,
15,25,08,31,44,01,29,14,07,22,
47,09,02,31,01,19,32,04,12,35,
14,32,02,22,35,16,08,20,43,04,
11,02,08,10,15,04,45,21,26,46,
31,05,40,46,08,25,02,47,19,03,
19,36,30,02,28,23,21,22,17,44,
39,06,25,35,32,31,34,23,11,14,
10,48,18,06,39,04,31,44,02,11,
02,31,38,21,16,27,49,08,30,47,
35,32,08,25,41,16,27,43,37,11,
13,20,10,11,08,24,38,48,21,33,
31,48,49,46,35,32,41,26,30,08,
21,16,27,20,39,08,15,09,18,41,
25,43,20,26,30,08,29,35,03,24,
34,16,22,25,37,21,32,11,06,39,
34,45,15,14,46,06,39,25,04,37,
01,04,43,20,16,37,12,03,18,25,
32,41,06,45,05,09,02,11,25,35,
33,36,10,05,38,44,47,19,40,09,
46,04,02,27,23,11,35,07,20,49,
09,37,47,40,46,31,44,28,42,13,
25,37,08,09,11,35,32,47,03,28,
37,11,06,49,46,35,17,48,39,07,
38,18,43,20,26,01,04,29,14,46,
20,39,25,04,41,33,42,22,09,31,
28,36,34,49,32,37,21,07,27,39,
45,01,19,03,20,23,21,07,46,35,
16,21,46,35,27,49,42,36,34,39,
03,24,34,16,02,41,10,11,47,32,
28,23,37,27,45,24,34,43,35,16,
11,12,09,27,33,46,08,04,06,20,
06,43,35,16,21,07,42,23,27,45,
10,05,48,26,43,34,39,08,04,06,
30,11,04,41,06,33,32,49,26,36,
03,01,29,35,05,19,09,27,45,38,
14,13,26,38,05,07,19,40,36,09,
25,43,40,48,06,26,19,38,34,16,
37,12,03,28,42,23,27,16,43,25,
21,26,46,47,32,25,45,11,37,04,
33,40,32,25,43,30,47,09,22,14,
25,06,20,39,08,15,10,05,46,47,
33,19,40,07,23,02,41,39,35,22,
30,11,25,14,13,16,27,45,44,17,
49,17,38,11,37,28,03,05,40,42,
01,35,23,12,13,49,42,11,06,37,
41,49,33,38,44,22,25,47,42,09,
27,23,08,19,42,17,18,35,28,38,
06,26,19,01,04,45,38,18,49,36,
41,20,39,35,27,49,42,13,26,48,
08,29,04,45,21,36,25,02,22,37,
27,20,49,46,14,26,07,13,23,41,
20,26,19,30,41,39,35,22,13,32,
25,37,18,02,17,44,21,46,35,45,
37,27,16,23,31,01,10,05,48,11,
24,05,48,23,08,29,04,25,45,38,
27,39,08,25,47,07,13,26,30,41,
41,39,43,29,14,22,19,46,37,21,
47,30,41,39,43,10,44,12,46,03,
21,03,15,25,47,07,33,09,37,12,
15,35,16,31,48,10,49,22,40,32,
05,30,41,39,04,31,38,13,49,42,
24,44,08,09,30,12,03,11,37,43,
31,44,08,29,24,01,40,19,38,15,
16,08,20,26,19,09,37,22,25,02,
24,28,07,27,29,10,34,23,31,11,
42,07,22,19,32,04,37,18,12,40,
14,36,34,39,25,43,40,01,04,20,
43,25,08,34,39,02,17,24,44,47,
13,39,02,47,38,44,27,06,23,31,
02,12,32,25,04,08,24,38,01,40,
11,12,30,21,07,17,48,10,28,46,
22,10,05,30,31,18,43,40,28,16,
26,01,34,39,37,18,08,35,33,09,
43,19,03,38,21,23,02,41,39,37,
46,02,28,26,42,22,09,31,11,47,
30,17,05,09,22,15,41,49,26,07,
35,42,16,18,02,37,28,26,13,39,
29,19,07,36,15,23,02,21,32,37,
17,24,15,48,10,39,43,19,36,09,
13,45,44,11,35,22,20,23,38,21,
07,46,25,14,26,42,27,10,01,29,
38,11,12,30,43,09,31,28,22,29,
15,09,18,02,27,26,01,10,44,22,
20,16,47,09,38,24,44,28,13,43,
05,03,18,06,49,42,23,17,44,41,
06,43,14,42,23,02,31,38,11,37,
14,07,27,29,09,31,38,21,23,02,
14,13,23,41,10,11,37,31,28,17,
17,21,16,28,23,47,01,14,46,04,
22,29,34,20,39,41,23,37,08,10,
12,09,47,38,05,40,07,33,46,08,
06,29,19,03,21,16,08,40,01,25,
08,34,29,09,11,04,37,06,10,21,
13,16,17,15,35,23,11,04,47,49,
07,46,04,31,44,37,22,34,10,48,
30,17,34,23,31,11,08,15,20,26,
22,10,44,12,03,28,05,32,06,39,
14,17,11,31,05,19,01,15,10,44,
26,48,16,37,02,11,06,49,07,21,
36,25,41,45,44,37,47,38,24,15,
44,12,13,39,47,49,46,14,33,40,
29,34,39,04,12,40,46,01,35,33,
18,12,19,38,44,17,05,40,13,49,
10,44,47,38,37,17,24,15,04,14,
12,01,24,11,47,07,33,09,17,44,
47,13,39,12,01,35,33,34,49,22,
13,16,27,06,26,38,44,18,41,40,
07,27,20,39,25,45,11,47,46,41,
17,28,42,16,21,46,25,06,49,11,
26,46,31,24,44,28,33,30,21,25,
01,10,44,18,37,11,06,49,03,15,
13,06,45,44,31,11,47,07,16,41,
49,42,16,18,12,01,15,40,25,37,
43,25,41,16,37,17,24,15,10,05,
29,30,37,27,45,05,48,06,26,41,
08,14,42,33,38,05,09,17,34,23,
18,41,33,32,43,40,01,14,42,15,
20,49,13,23,18,12,01,14,17,06,
22,40,01,25,02,12,32,14,33,34,
22,04,06,29,24,11,47,07,33,01,
23,18,47,32,04,02,17,05,07,12,
23,22,24,11,41,18,02,01,09,28,
10,01,20,23,18,31,05,07,26,36,
19,32,43,30,12,13,49,46,06,39,
15,30,17,34,26,40,36,10,24,05,
39,35,32,08,33,40,46,02,22,15,
29,25,02,17,44,18,41,33,13,39,
40,48,06,45,44,11,43,19,32,14,
06,39,43,40,01,25,02,22,34,49,
37,02,28,36,15,30,22,24,48,49,
12,48,33,13,20,29,40,01,04,06,
49,03,15,34,20,10,48,42,13,06,
03,18,45,11,02,22,14,17,01,10,
27,49,46,06,23,43,15,20,26,48,
38,15,30,02,28,13,16,37,17,05,
24,05,07,33,30,28,16,36,14,17,
06,26,30,31,21,16,08,10,15,04,
21,17,38,18,25,14,23,22,35,02,
25,06,49,32,41,45,15,35,03,44,
06,49,13,33,03,21,05,36,09,11,
44,47,40,42,22,29,25,41,16,08,
29,09,41,20,49,07,22,21,35,16,
12,48,06,16,27,23,18,02,47,01,
23,41,20,49,26,13,39,45,34,06,
39,25,14,03,05,36,09,18,31,15,
22,19,13,29,10,15,04,06,28,27,
10,48,29,30,02,21,27,39,12,38,
18,41,33,13,49,27,20,39,04,02,
46,31,24,15,34,20,10,28,42,36,
14,22,40,30,11,16,31,01,27,43,
28,36,14,46,25,43,09,34,49,22,
35,42,33,48,23,18,41,45,34,05,
21,03,05,13,39,47,42,33,19,09,
24,34,23,18,41,06,11,04,26,30,
08,35,16,29,25,47,03,11,37,21,
16,31,21,36,15,09,28,24,38,01,
07,23,37,47,19,48,41,20,39,25,
21,36,14,32,47,06,49,26,13,29,
35,33,19,40,13,29,20,06,26,30,
45,05,38,40,32,04,12,42,08,25,
26,46,41,33,32,06,39,49,42,23,
20,29,19,03,48,49,42,36,14,07,
37,47,30,21,27,49,42,16,11,25,
05,42,03,36,10,32,04,47,07,19,
09,08,40,12,07,36,35,33,01,15,
37,17,34,06,43,35,13,45,05,36,
24,05,30,08,20,45,09,22,35,03,
35,26,46,02,08,30,47,09,12,03,
21,07,32,41,45,24,05,36,19,42,
22,19,03,01,29,35,33,40,48,39,
21,26,32,14,16,18,37,12,40,35,
38,24,44,21,17,48,49,27,33,30,
16,02,41,49,26,46,12,30,21,17,
12,30,28,16,18,41,27,43,34,49,
10,18,06,39,12,30,41,38,48,49,
44,21,27,49,17,11,02,47,01,14,
42,23,47,19,01,34,20,49,32,08,
47,30,18,08,04,35,17,45,48,49,
10,38,28,27,39,37,21,07,17,48,
07,36,34,10,38,18,43,09,31,11,
46,31,05,36,19,42,32,37,08,30,
03,05,19,48,16,37,02,11,04,31,
41,43,35,13,15,29,24,01,10,44,
04,08,45,18,43,09,28,27,49,17,
22,34,39,14,16,21,42,36,08,04,
33,30,21,27,29,25,12,38,05,03,
31,15,24,48,29,19,13,10,21,03,
22,14,40,09,25,31,44,27,45,15,
03,05,38,09,02,11,14,01,22,19,
37,47,48,16,02,11,45,49,27,29,
21,03,05,42,46,14,26,01,09,41,
13,23,41,10,01,19,03,21,26,36,
07,16,21,27,10,38,01,19,32,04,
31,44,37,02,18,12,01,15,20,33,
20,10,18,14,23,47,38,15,34,39,
27,49,23,17,44,11,35,42,33,48,
24,38,01,09,08,20,16,02,11,04,
33,19,38,44,37,02,21,46,25,06,
32,43,30,37,12,36,20,26,09,07,
11,12,48,16,02,08,20,33,36,40,
18,25,04,47,13,39,45,21,36,15,
18,04,41,26,40,36,30,37,27,06,
04,06,20,10,18,49,13,26,38,44,
46,08,15,19,47,32,43,10,05,09,
11,04,12,40,07,03,05,09,02,25,
18,31,05,03,21,33,48,23,28,11,
40,01,04,35,32,08,15,09,41,20,
34,26,40,36,30,02,28,13,06,33,
03,38,21,33,44,02,31,11,08,35,
19,32,25,45,38,21,33,09,22,14,
19,36,09,21,32,08,35,03,24,05,
22,14,32,31,44,02,08,30,47,19,
01,30,27,23,11,14,13,16,12,07,
19,01,34,39,06,29,20,45,05,48,
23,11,04,12,19,38,05,36,32,35,
47,40,03,38,18,45,48,10,28,27,
15,29,04,41,16,17,24,34,26,09,
21,07,27,29,04,14,16,11,06,39,
46,43,20,26,40,32,06,10,21,03,
05,40,42,07,17,48,10,11,47,32,
39,43,40,48,16,17,05,46,12,26,
33,42,27,10,11,47,46,03,08,24,
30,47,09,27,23,18,02,31,11,38,
48,49,17,21,16,08,19,03,18,14,
47,38,05,13,39,43,30,27,06,23,
22,20,23,08,19,32,14,03,15,24,
22,24,28,27,49,33,48,43,25,41,
03,21,33,48,23,08,09,41,39,35,
02,18,08,04,12,01,14,23,28,26,
26,13,20,39,02,17,15,24,18,14,
39,25,35,46,45,18,06,29,10,05,
20,33,46,47,32,35,17,28,25,07,
04,02,17,34,43,35,23,22,24,11,
42,16,11,45,48,39,37,41,20,49,
44,22,15,40,01,34,20,39,43,10,
08,34,39,47,42,23,48,20,06,18,
27,45,05,13,39,12,30,11,18,35,
09,11,45,38,02,17,44,22,15,29,
05,40,13,29,25,08,04,14,03,48,
37,12,36,40,09,02,41,29,15,20,
06,16,22,25,12,30,31,01,40,38,
08,19,46,31,05,37,40,09,17,44,
47,32,43,10,15,35,16,28,03,05,
24,38,18,14,23,37,12,32,45,21,
25,35,42,26,03,38,01,29,34,10,
12,40,03,38,28,22,20,06,33,13,
44,31,38,21,16,28,32,24,05,07,
30,17,24,05,42,18,35,32,31,44,
09,12,03,01,28,16,11,35,42,13,
28,46,35,25,45,01,09,08,30,22,
25,35,32,02,37,47,38,15,04,43,
28,46,04,12,38,44,22,15,19,32,
20,16,27,45,34,44,31,11,02,47,
28,23,47,40,07,36,34,49,26,42,
44,11,25,14,33,40,36,30,22,04,
33,19,09,47,30,21,27,49,36,35,
34,06,43,10,01,30,17,16,47,25,
42,17,21,26,32,04,47,46,37,28,
07,03,44,22,14,17,11,12,19,09,
23,28,16,41,29,30,22,35,13,33,
29,30,12,46,47,32,04,02,08,20,
27,16,22,14,39,06,10,21,13,45,
06,23,18,08,25,15,40,01,02,27,
06,39,45,28,07,42,36,24,38,21,
26,40,03,28,42,23,37,02,33,30,
07,23,27,08,10,24,44,47,48,26,
04,37,28,23,02,31,18,45,48,29,
04,06,10,38,18,45,01,09,41,29,
20,23,08,40,32,45,11,02,27,30,
40,09,27,45,24,44,18,37,28,03,
48,10,01,30,17,05,13,29,47,06,
28,03,24,15,04,14,23,47,01,29,
41,39,35,27,49,42,26,46,08,03,
19,38,44,21,07,22,09,11,43,20,
45,05,30,41,39,08,15,29,25,31,
38,44,41,39,06,10,48,20,11,47,
23,37,12,42,07,27,39,09,36,30,
49,16,31,38,11,47,42,27,29,19,
45,15,35,13,43,14,42,16,37,12,
03,48,20,49,33,19,01,35,13,23,
31,48,39,35,27,25,06,12,01,08,
05,46,37,41,20,49,07,22,45,01,
11,06,10,38,01,09,31,24,05,19,
47,30,11,04,31,05,46,08,25,12,
19,03,28,22,09,11,25,45,21,23,
22,19,13,20,39,31,44,18,08,35,
05,03,38,28,22,19,32,06,20,39,
49,32,47,03,28,02,37,30,11,45,
46,02,47,48,45,44,27,43,35,03,
07,33,01,14,32,41,06,16,02,28,
29,30,27,23,21,22,20,45,05,13,
42,26,32,47,43,30,22,34,39,14,
17,44,31,01,19,03,38,28,07,32,
19,03,18,45,21,13,43,15,10,05,
27,23,21,17,11,37,41,20,39,47,
38,01,19,13,10,21,23,37,17,15,
21,03,05,13,49,26,46,02,17,42,
46,04,31,15,14,22,10,05,01,40,
48,45,44,27,06,16,02,08,30,12,
07,33,09,02,21,17,01,19,13,39,
35,27,29,40,09,22,24,48,20,39,
41,33,03,11,37,18,31,44,21,46,
38,05,09,27,33,36,29,04,45,21,
44,18,41,06,23,12,19,48,26,16,
49,26,36,19,32,04,12,40,14,16,
44,08,09,21,22,29,25,47,03,48,
16,08,09,10,15,34,49,27,29,19,
38,44,11,43,10,34,06,24,21,16,
18,06,20,10,21,16,37,41,49,17,
07,13,23,11,45,18,35,32,12,40,
18,45,14,26,07,03,44,08,20,15,
15,30,27,33,42,07,32,02,41,39,
39,14,16,31,38,21,13,02,28,36,
45,05,03,28,46,35,17,21,44,11,
46,12,48,16,27,26,01,24,28,22,
13,43,15,20,35,16,11,25,14,42,
27,49,13,33,42,46,35,07,32,02,
11,14,13,33,42,17,28,07,22,19,
01,10,44,22,15,09,31,21,03,05,
05,01,24,48,29,19,13,39,25,35,
09,11,43,29,34,10,21,26,07,36,
42,33,38,05,46,08,15,29,04,43,
12,46,31,05,40,37,08,09,48,26,
13,49,03,05,40,39,02,41,42,16,
35,07,17,38,48,20,10,11,02,22,
20,06,26,38,44,28,03,05,40,07,
12,38,05,19,13,20,10,18,45,28,
23,47,19,48,43,25,41,26,38,34,
44,31,21,23,47,01,25,41,11,35,
45,05,42,27,39,43,10,44,11,35,
39,31,34,16,17,24,44,11,25,45,
08,15,10,24,44,17,37,27,16,12,
24,44,28,16,08,29,18,04,47,07,
34,16,47,38,05,03,48,20,49,26,
37,17,34,33,46,02,44,47,40,11,
47,40,36,20,33,07,03,44,08,30,
17,24,15,48,20,39,41,33,42,32,
47,09,17,34,06,16,22,24,38,28,
35,03,05,13,49,36,15,19,28,27,
26,40,36,20,30,21,17,18,06,39,
28,03,15,34,39,08,12,09,17,05,
10,48,29,25,47,03,20,49,33,38,
27,10,01,05,25,12,19,40,42,07,
21,42,33,38,05,46,37,18,41,06,
42,33,48,23,41,20,49,19,43,15,
10,05,32,25,43,09,28,26,36,18,
17,05,38,42,07,32,37,31,18,06,
20,29,09,21,46,25,14,23,02,18,
16,37,47,09,12,32,43,20,13,39,
03,15,04,25,45,01,10,44,31,28,
14,33,09,27,26,19,38,34,45,05,
06,43,24,18,49,13,16,37,12,42,
40,38,34,43,25,37,08,30,02,11,
07,46,04,37,28,13,16,17,05,09,
46,14,26,36,30,37,02,41,29,12,
24,34,26,40,32,25,43,19,07,16,
45,11,37,21,46,43,09,08,40,19,
26,42,07,36,04,06,49,22,29,15,
48,06,23,18,31,15,04,12,16,37,
12,19,01,34,29,10,05,36,40,03,
04,08,24,38,01,09,11,25,06,39,
45,34,06,33,46,08,24,38,21,36,
49,32,02,12,07,33,40,38,15,24,
01,24,11,47,07,23,27,18,02,08,
25,43,19,42,33,38,44,37,47,24,
10,24,05,48,45,44,27,26,23,08,
46,31,34,45,05,40,13,20,49,42,
16,21,17,23,37,47,09,22,24,28,
04,12,09,22,34,49,17,38,48,03,
42,27,10,21,26,07,03,24,05,38,
09,47,19,38,44,18,32,06,20,39,
26,03,21,16,22,20,19,48,38,05,
11,43,20,04,25,14,26,13,29,09,
41,39,31,15,04,25,35,32,02,22,
45,21,26,46,37,08,09,27,49,13,
44,22,34,10,01,40,19,30,21,46,
10,01,34,16,37,22,25,41,45,44,
24,44,12,36,20,23,31,28,32,02,
14,32,47,46,08,42,33,40,04,12,
21,32,37,08,29,04,43,09,41,39,
24,18,25,06,49,23,37,02,11,43,
11,47,03,28,46,45,35,17,01,29,
19,40,07,03,15,35,16,28,44,41,
36,14,17,11,37,31,38,47,03,12,
02,27,16,17,15,34,39,12,30,18,
15,04,43,09,28,36,06,39,02,22,
43,04,14,23,37,22,25,41,29,40,
33,19,30,18,41,26,28,03,05,01,
35,27,39,06,10,38,48,49,07,22,
07,26,13,29,30,37,27,16,22,15,
35,46,22,30,12,36,09,28,14,07,
43,09,21,32,31,44,18,47,46,08,
13,49,46,25,35,22,10,44,18,12,
29,20,16,02,41,23,28,33,38,34,
27,43,15,09,31,48,49,22,29,19,
05,01,24,38,21,16,08,30,12,03,
28,36,24,01,10,05,38,13,18,25,
41,45,34,23,28,26,03,01,19,13,
21,23,22,24,38,13,33,46,31,05,
46,37,28,33,09,47,38,34,26,48,
06,43,25,41,16,37,12,32,14,03,
28,46,35,17,48,49,03,44,27,33,
38,05,42,33,09,37,47,30,18,08,
