1901 287.157
1902 287.167
1903 287.1831
1904 287.2009
1905 287.2116
1906 287.2128
1907 287.2196
1908 287.2312
1909 287.244
1910 287.2573
1911 287.2677
1912 287.2681
1913 287.2752
1914 287.2912
1915 287.2952
1916 287.2959
1917 287.2995
1918 287.3006
1919 287.3084
1920 287.3057
1921 287.3076
1922 287.3084
1923 287.3073
1924 287.3078
1925 287.3074
1926 287.3179
1927 287.3219
1928 287.321
1929 287.3197
1930 287.3348
1931 287.3404
1932 287.3383
1933 287.3325
1934 287.3249
1935 287.3213
1936 287.3293
1937 287.3142
1938 287.3113
1939 287.3061
1940 287.2857
1941 287.2815
1942 287.2827
1943 287.2749
1944 287.276
1945 287.2762
1946 287.2693
1947 287.2608
1948 287.2505
1949 287.2477
1950 287.2499
1951 287.2637
1952 287.2714
1953 287.2726
1954 287.2618
1955 287.2524
1956 287.2507
1957 287.2441
1958 287.2408
1959 287.2451
1960 287.2404
1961 287.239
1962 287.244
1963 287.2414
1964 287.2384
1965 287.2398
1966 287.2477
1967 287.2627
1968 287.2713
1969 287.2854
1970 287.3007
1971 287.312
1972 287.3292
1973 287.3511
1974 287.3558
1975 287.3798
1976 287.4073
1977 287.4222
1978 287.4488
1979 287.4669
1980 287.474
1981 287.4886
1982 287.5102
1983 287.5329
1984 287.5666
1985 287.6003
1986 287.6187
1987 287.6477
1988 287.6795
1989 287.7089
1990 287.7407
1991 287.7746
1992 287.8086
1993 287.8431
1994 287.8669
1995 287.9049
1996 287.9368
1997 287.9688
1998 288.0072
1999 288.0414
2000 288.0822
2001 288.1296
2002 288.1649
2003 288.1972
2004 288.2354
2005 288.2494
2006 288.2738
2007 288.3118
2008 288.3398
2009 288.3666
2010 288.4174
2011 288.4547
2012 288.4728
2013 288.5032
2014 288.5423
2015 288.5782
2016 288.6258
2017 288.6668
2018 288.7023
2019 288.7488
2020 288.7948
2021 288.8349
2022 288.878
2023 288.9228
2024 288.9651
2025 289.0042
2026 289.0499
2027 289.0938
2028 289.1409
2029 289.1925
2030 289.2468
2031 289.2867
2032 289.3345
2033 289.3847
2034 289.4313
2035 289.4983
2036 289.561
2037 289.6214
2038 289.68
2039 289.7406
2040 289.7926
2041 289.8489
2042 289.9255
2043 289.9884
2044 290.048
2045 290.1098
2046 290.1678
2047 290.2375
2048 290.3018
2049 290.3515
2050 290.4105
2051 290.4697
2052 290.5294
2053 290.5929
2054 290.6663
2055 290.731
2056 290.7942
2057 290.8635
2058 290.9236
2059 290.9846
2060 291.0407
2061 291.099
2062 291.1571
2063 291.2228
2064 291.2986
2065 291.3613
2066 291.4213
2067 291.4825
2068 291.5444
2069 291.6109
2070 291.675
