1901 285.9675
1902 285.9671
1903 285.9788
1904 285.9975
1905 286.0006
1906 286.0039
1907 286.0137
1908 286.0236
1909 286.0236
1910 286.0227
1911 286.0239
1912 286.0247
1913 286.0241
1914 286.0357
1915 286.0353
1916 286.0303
1917 286.038
1918 286.041
1919 286.0349
1920 286.0419
1921 286.0556
1922 286.0616
1923 286.0709
1924 286.0849
1925 286.094
1926 286.0961
1927 286.1045
1928 286.1139
1929 286.1187
1930 286.1249
1931 286.1346
1932 286.1373
1933 286.1416
1934 286.1362
1935 286.1366
1936 286.1414
1937 286.1293
1938 286.1242
1939 286.1338
1940 286.1306
1941 286.1346
1942 286.15
1943 286.152
1944 286.1547
1945 286.1738
1946 286.1885
1947 286.1874
1948 286.1982
1949 286.2141
1950 286.2167
1951 286.2258
1952 286.24
1953 286.2448
1954 286.2498
1955 286.2668
1956 286.2731
1957 286.2772
1958 286.2956
1959 286.3066
1960 286.316
1961 286.3355
1962 286.3459
1963 286.3452
1964 286.3666
1965 286.3921
1966 286.4075
1967 286.4371
1968 286.4632
1969 286.4842
1970 286.5114
1971 286.5271
1972 286.5432
1973 286.5748
1974 286.5951
1975 286.613
1976 286.6374
1977 286.6571
1978 286.6757
1979 286.7052
1980 286.7218
1981 286.7354
1982 286.7564
1983 286.7771
1984 286.7986
1985 286.8234
1986 286.8483
1987 286.8661
1988 286.885
1989 286.9173
1990 286.9369
1991 286.9562
1992 286.9886
1993 287.0231
1994 287.0447
1995 287.0761
1996 287.1049
1997 287.1274
1998 287.1543
1999 287.185
2000 287.2026
2001 287.2295
2002 287.2628
2003 287.2853
2004 287.3093
2005 287.3379
2006 287.3613
2007 287.3897
2008 287.4207
2009 287.4426
2010 287.4722
2011 287.5047
2012 287.5417
2013 287.5741
2014 287.6112
2015 287.652
2016 287.6949
2017 287.7345
2018 287.7749
2019 287.8143
2020 287.8525
2021 287.8885
2022 287.9154
2023 287.9561
2024 287.9978
2025 288.0239
2026 288.0639
2027 288.1064
2028 288.1366
2029 288.1688
2030 288.2209
2031 288.2579
2032 288.2965
2033 288.3435
2034 288.391
2035 288.4257
2036 288.4793
2037 288.5397
2038 288.5777
2039 288.6272
2040 288.6912
2041 288.7435
2042 288.7821
2043 288.8404
2044 288.8899
2045 288.928
2046 288.9778
2047 289.0282
2048 289.0716
2049 289.1213
2050 289.1773
2051 289.22
2052 289.2748
2053 289.3318
2054 289.3804
2055 289.4367
2056 289.4963
2057 289.542
2058 289.5971
2059 289.6565
2060 289.7101
2061 289.7657
2062 289.8169
2063 289.8689
2064 289.9195
2065 289.9784
2066 290.0292
2067 290.0702
2068 290.131
2069 290.1793
2070 290.2133
