1901 287.1986
1902 287.2067
1903 287.2063
1904 287.2127
1905 287.2229
1906 287.2351
1907 287.2514
1908 287.2597
1909 287.2677
1910 287.276
1911 287.2864
1912 287.2956
1913 287.3071
1914 287.3203
1915 287.3377
1916 287.3415
1917 287.3466
1918 287.3534
1919 287.354
1920 287.3594
1921 287.3743
1922 287.3818
1923 287.3861
1924 287.3949
1925 287.4045
1926 287.4115
1927 287.4248
1928 287.4328
1929 287.4413
1930 287.4557
1931 287.4637
1932 287.4714
1933 287.4852
1934 287.4916
1935 287.4919
1936 287.4936
1937 287.4939
1938 287.4926
1939 287.4915
1940 287.4932
1941 287.4921
1942 287.4895
1943 287.4917
1944 287.4975
1945 287.4985
1946 287.496
1947 287.5001
1948 287.4999
1949 287.4982
1950 287.4959
1951 287.4974
1952 287.5013
1953 287.5064
1954 287.5067
1955 287.5037
1956 287.5047
1957 287.4978
1958 287.5016
1959 287.5076
1960 287.5077
1961 287.5159
1962 287.5277
1963 287.5213
1964 287.5241
1965 287.5386
1966 287.5461
1967 287.5588
1968 287.582
1969 287.5993
1970 287.6168
1971 287.6393
1972 287.6578
1973 287.6796
1974 287.6995
1975 287.7218
1976 287.7507
1977 287.7736
1978 287.7976
1979 287.8226
1980 287.8506
1981 287.8672
1982 287.8878
1983 287.9121
1984 287.937
1985 287.9651
1986 287.9913
1987 288.03
1988 288.0576
1989 288.0791
1990 288.107
1991 288.1311
1992 288.1499
1993 288.1911
1994 288.2258
1995 288.2508
1996 288.2843
1997 288.3124
1998 288.3288
1999 288.3568
2000 288.3832
2001 288.401
2002 288.4233
2003 288.4441
2004 288.4608
2005 288.4776
2006 288.4975
2007 288.5143
2008 288.5301
2009 288.5489
2010 288.5627
2011 288.5846
2012 288.6077
2013 288.6259
2014 288.6506
2015 288.6751
2016 288.701
2017 288.7169
2018 288.7371
2019 288.764
2020 288.786
2021 288.8169
2022 288.8475
2023 288.8687
2024 288.9018
2025 288.9423
2026 288.9765
2027 289.0082
2028 289.0461
2029 289.0757
2030 289.1114
2031 289.1497
2032 289.1903
2033 289.2264
2034 289.263
2035 289.2977
2036 289.3294
2037 289.3635
2038 289.4043
2039 289.4448
2040 289.4881
2041 289.5277
2042 289.5627
2043 289.6039
2044 289.6421
2045 289.6788
2046 289.7153
2047 289.7519
2048 289.7917
2049 289.8302
2050 289.8685
2051 289.8988
2052 289.9351
2053 289.978
2054 290.0134
2055 290.0466
2056 290.0766
2057 290.1068
2058 290.1422
2059 290.1754
2060 290.2018
2061 290.2358
2062 290.265
2063 290.295
2064 290.3343
2065 290.3687
2066 290.4083
2067 290.4522
2068 290.4894
2069 290.5284
2070 290.5691
