1901 276.5116
1902 276.5193
1903 276.5357
1904 276.5604
1905 276.5659
1906 276.5675
1907 276.5765
1908 276.5845
1909 276.5813
1910 276.5795
1911 276.5779
1912 276.5776
1913 276.5723
1914 276.5839
1915 276.582
1916 276.5724
1917 276.5809
1918 276.5818
1919 276.5715
1920 276.5833
1921 276.6003
1922 276.6083
1923 276.619
1924 276.6421
1925 276.6558
1926 276.6536
1927 276.6638
1928 276.6726
1929 276.6755
1930 276.6798
1931 276.6899
1932 276.6929
1933 276.6913
1934 276.6877
1935 276.6894
1936 276.6983
1937 276.6858
1938 276.6822
1939 276.6945
1940 276.691
1941 276.6993
1942 276.7212
1943 276.7274
1944 276.735
1945 276.7613
1946 276.7844
1947 276.7883
1948 276.8016
1949 276.8232
1950 276.8283
1951 276.8375
1952 276.8525
1953 276.8608
1954 276.8702
1955 276.8912
1956 276.9063
1957 276.9126
1958 276.9369
1959 276.9528
1960 276.964
1961 276.9811
1962 276.9929
1963 276.9987
1964 277.0232
1965 277.0536
1966 277.0744
1967 277.11
1968 277.1409
1969 277.1707
1970 277.2016
1971 277.2207
1972 277.2416
1973 277.2822
1974 277.3092
1975 277.3262
1976 277.3556
1977 277.3793
1978 277.4069
1979 277.444
1980 277.4665
1981 277.4832
1982 277.5076
1983 277.5328
1984 277.5543
1985 277.5817
1986 277.6101
1987 277.6338
1988 277.6518
1989 277.69
1990 277.7182
1991 277.746
1992 277.7771
1993 277.8199
1994 277.8456
1995 277.8878
1996 277.9221
1997 277.9508
1998 277.9838
1999 278.0171
2000 278.0394
2001 278.0688
2002 278.0999
2003 278.126
2004 278.1501
2005 278.1861
2006 278.2141
2007 278.2433
2008 278.2791
2009 278.3035
2010 278.3384
2011 278.3801
2012 278.4284
2013 278.4695
2014 278.5232
2015 278.5712
2016 278.6221
2017 278.6705
2018 278.7255
2019 278.7736
2020 278.8205
2021 278.8659
2022 278.9066
2023 278.9568
2024 279.006
2025 279.0352
2026 279.083
2027 279.1295
2028 279.1679
2029 279.2076
2030 279.2672
2031 279.3165
2032 279.3693
2033 279.4239
2034 279.4795
2035 279.5215
2036 279.5837
2037 279.6541
2038 279.7015
2039 279.7614
2040 279.8366
2041 279.9005
2042 279.9504
2043 280.0214
2044 280.0764
2045 280.127
2046 280.1896
2047 280.2493
2048 280.3027
2049 280.3613
2050 280.423
2051 280.4796
2052 280.5457
2053 280.6093
2054 280.6699
2055 280.7323
2056 280.7992
2057 280.8584
2058 280.9243
2059 280.9935
2060 281.0602
2061 281.1258
2062 281.1901
2063 281.2548
2064 281.3226
2065 281.3995
2066 281.4629
2067 281.5183
2068 281.5908
2069 281.648
2070 281.6966
