Maturity Date,Coupon,Amt. Outstdg. ($mm),Current Price,Current YTW
May-31-2023,0.375,658.95,99.577,1.724
Mar-01-2024,1.625,"1,530.72",98.236,3.295
Mar-22-2024,0.75,999.22,95.686,4.722
Nov-01-2024,3.5,"1,161.28",98.238,4.564
Feb-15-2025,3.376,10.81,97.703,4.576
Feb-15-2025,3.376,8.89,97.703,4.576
Feb-15-2025,3.376,"1,330.87",97.703,4.576
Feb-17-2025,4.05,319.1,99.347,4.389
Apr-02-2025,0.875,"1,093.37",95.332,3.153
May-15-2025,5.706,"1,788.80",101.4,5.206
Nov-20-2025,0.85,"1,404.03",90.871,4.362
Feb-17-2026,3.25,"1,366.72",99.886,3.29
Mar-20-2026,1.45,"1,916.47",91.54,4.378
May-06-2026,2.1,319.1,92.65,4.561
Jun-15-2026,1.1,3.69,87.391,5.243
Jun-15-2026,1.05,1.74,85.672,5.807
Aug-15-2026,2.625,"1,869.42",94.357,4.37
Oct-27-2026,1.375,"1,366.72",94.023,3.099
Mar-16-2027,4.125,"3,250.00",99.214,4.335
Mar-22-2027,3,750,94.986,4.339
Apr-08-2027,0.875,"1,366.72",91.062,3.2
Nov-30-2027,1,439.3,95.866,1.906
Mar-22-2028,2.375,751.2,91.566,4.23
Mar-22-2028,2.1,"3,000.00",89.682,4.367
Mar-23-2028,2.35,425.47,88.229,4.981
Mar-24-2028,0.193,411.84,91.46,1.957
Apr-15-2028,6.5,34.77,106.561,5.046
Apr-15-2028,6.94,249.84,108.643,5.026
Sep-21-2028,4.329,21.12,99.493,4.431
Sep-21-2028,4.329,21.12,99.493,4.431
Sep-21-2028,4.329,"4,230.41",99.493,4.431
Nov-02-2028,1.375,"1,366.72",90.374,3.24
Nov-03-2028,1.125,736.34,84.598,4.2
Dec-01-2028,6,44.08,102.227,5.545
Feb-08-2029,3.875,"1,000.00",96.841,4.481
Mar-22-2029,0.375,"1,093.37",84.084,3.288
Apr-15-2029,3.5,2.77,94.413,4.545
May-01-2029,6.8,38.1,105.767,5.686
May-01-2029,6.8,104.99,110.304,4.863
May-15-2029,4,1.2,97.141,4.527
May-15-2029,4.15,2.72,96.187,4.861
May-15-2029,3.9,0.2,96.759,4.498
Jun-15-2029,3.95,1.66,93.908,5.082
Jun-15-2029,3.8,0.67,95.648,4.596
Jun-15-2029,3.85,0.15,95.921,4.596
Jun-15-2029,4.3,0.43,98.379,4.596
Aug-15-2029,3.8,0.39,96.053,4.505
Aug-15-2029,4,0.7,93.13,5.257
Aug-15-2029,3.9,0.2,96.112,4.596
Sep-15-2029,4.1,0.61,97.195,4.596
Sep-15-2029,4.5,0.27,99.785,4.537
Sep-15-2029,4.5,0.87,99.455,4.596
Sep-15-2029,4.8,1.16,97.387,5.273
Oct-01-2029,8.375,8.99,118.528,5.058
Oct-15-2029,8,19.98,116.787,5.014
Oct-26-2029,1.875,820.03,91.417,3.32
Nov-15-2029,7.875,133.08,115.714,5.101
Nov-15-2029,7.85,44.7,115.355,5.136
Nov-15-2029,5.55,1.19,100.208,4.748
Nov-15-2029,5.6,2.68,100.593,4.801
Nov-15-2029,5.15,2.54,100.393,4.621
Dec-03-2029,4.016,39.92,96.844,4.558
Dec-03-2029,4.016,39.92,96.844,4.558
Dec-03-2029,4.016,"3,960.08",96.844,4.558
Dec-15-2029,5,2.91,100.343,4.58
Dec-15-2029,4.7,0.22,100.164,4.497
Dec-15-2029,4.7,1.13,100.098,4.578
Mar-22-2030,3.15,"1,500.00",91.654,4.533
Apr-08-2030,1.25,"1,366.72",86.847,3.344
May-15-2030,1.9,0.87,82.851,4.711
May-15-2030,2.05,0.56,80.634,5.291
May-16-2030,2.5,751.2,88.457,4.38
Jun-15-2030,1.85,0.57,80.325,5.089
Sep-18-2030,1.5,"1,000.00",81.7,4.348
Sep-19-2030,1.875,674.98,84.455,4.311
Oct-30-2030,1.68,2.49,81.445,4.553
Oct-30-2030,1.68,2.49,81.445,4.553
Oct-30-2030,1.68,"1,144.95",81.445,4.553
Oct-31-2030,4.25,"1,250.00",105.59,3.391
Nov-15-2030,1.65,2.33,76.737,5.346
Dec-01-2030,7.75,562,119.973,4.67
Dec-15-2030,8.35,31.14,119.309,5.311
Dec-15-2030,1.6,0.5,77.465,5.119
Jan-20-2031,1.75,"2,250.00",81.156,4.606
Mar-21-2031,2.55,"4,250.00",86.07,4.626
Mar-23-2031,3,354.56,83.071,5.624
Mar-24-2031,0.555,356.93,88.805,2.064
Apr-08-2031,2.5,613.62,87.309,4.381
May-15-2031,2.35,5.84,81.918,5.05
Jun-15-2031,2.35,4.27,84.195,4.654
Jun-15-2031,2.2,3.04,83.275,4.636
Aug-01-2031,8.3,21.11,118.545,5.532
Aug-15-2031,8.75,34.92,123.409,5.301
Aug-15-2031,2.65,0.8,82.675,5.191
Aug-15-2031,2,1.77,80.841,4.76
Sep-15-2031,2.15,2.38,81.338,4.824
Oct-15-2031,8.625,2.38,120.727,5.581
Dec-01-2031,2.625,"1,093.37",94.705,3.327
Mar-15-2032,2.355,37.83,83.403,4.606
Mar-15-2032,2.355,37.83,83.403,4.606
Mar-15-2032,2.355,"4,626.01",83.403,4.606
Mar-19-2032,0.875,874.7,80.453,3.406
Mar-22-2032,0.75,"1,093.37",79.268,3.436
Apr-01-2032,7.375,99.44,113.635,5.461
Jun-15-2032,7.75,106.81,118.201,5.261
Jul-01-2032,7.875,55.85,116.6,5.581
Jul-01-2032,7.875,101.01,118.372,5.361
May-15-2033,2.55,7.54,81.177,4.903
May-18-2033,1.3,"1,476.06",81.35,3.49
Jun-15-2033,5.125,139.09,98.739,5.284
Jun-15-2033,2.55,2.69,81.048,4.905
Jun-15-2033,2.55,1.88,80.596,4.969
Jul-15-2033,2.3,2.23,78.75,4.928
Aug-10-2033,4.5,"2,136.95",98.547,4.676
Aug-15-2033,2.2,4.13,76.414,5.128
Aug-15-2033,2.2,0.68,77.213,5.012
Sep-15-2033,6.4,354.15,111.819,4.953
Sep-15-2033,2.2,1.34,77.842,4.904
Sep-15-2033,2.25,2.83,78.3,4.897
Nov-15-2033,2.45,2.36,79.213,4.964
Nov-15-2033,2.35,1.1,75.593,5.361
Nov-15-2033,2.45,1.17,76.493,5.348
Dec-15-2033,2.55,2.21,78.42,5.172
Dec-15-2033,2.4,0.76,79.113,4.903
Feb-17-2034,4.75,"1,043.15",102.404,4.42
Mar-15-2034,5.05,173.19,96.891,5.426
May-15-2034,4.3,0.33,94.818,4.903
May-15-2034,4.55,0.64,97.015,4.897
Oct-31-2034,4.75,"1,250.00",110.8,3.585
Nov-01-2034,4.4,"1,888.45",97.904,4.633
Sep-15-2035,5.85,420.21,107.217,5.068
Sep-19-2035,1.125,820.03,75.076,3.62
Nov-02-2035,3.125,552.26,86.28,4.568
Jan-15-2036,4.272,"1,822.41",94.949,4.8
Oct-27-2036,3.375,"1,227.23",87.581,4.615
Mar-16-2037,5.25,"1,095.06",103.787,4.875
Apr-01-2037,6.25,241.3,109.323,5.304
Jan-15-2038,2.875,"1,640.06",90.04,3.758
Feb-15-2038,6.4,172.07,110.37,5.384
Apr-15-2038,6.9,152.22,115.171,5.421
Nov-03-2038,1.875,736.34,69.119,4.693
Mar-01-2039,8.95,107.16,133.205,5.755
Mar-15-2039,4.812,"1,136.13",98.319,4.964
Mar-15-2039,4.25,6.19,86.161,5.561
Apr-01-2039,7.35,112.2,119.483,5.512
Apr-15-2039,4.05,2.24,82.982,5.669
May-15-2039,4,6.7,86.938,5.199
May-15-2039,4,5.67,84.51,5.447
May-15-2039,4,5.58,82.936,5.612
Sep-19-2039,1.5,546.69,72.103,3.793
Nov-04-2039,3.5,354.56,69.096,6.573
May-18-2040,1.85,874.7,75.513,3.81
Nov-20-2040,2.65,"3,000.00",73.86,4.862
Mar-22-2041,3.4,"3,750.00",82.764,4.838
Mar-23-2041,3.85,106.37,70.847,6.639
Apr-01-2041,6,122.14,103.111,5.721
Sep-03-2041,2.85,"1,000.00",75.584,4.861
Nov-01-2041,4.75,487.8,97.43,4.962
Nov-01-2042,3.85,715.5,86.508,4.926
Sep-15-2043,6.55,803.36,117.392,5.168
Aug-15-2046,4.125,926.86,88.648,4.947
Aug-21-2046,4.862,"2,359.96",98.438,4.975
Mar-16-2047,5.5,457.34,105.015,5.135
May-15-2047,4.9,207.02,92.87,5.432
Jun-15-2047,4.75,31.28,89.531,5.538
Jun-15-2047,4.7,32.91,92.818,5.224
Jul-15-2047,4.55,16.92,86.133,5.598
Aug-15-2047,4.8,49.68,91.674,5.417
Aug-15-2047,4.8,22.76,91.504,5.431
Aug-15-2047,4.9,38.83,92.074,5.492
Aug-15-2047,4.85,28.26,91.578,5.478
Sep-15-2047,4.75,16.78,90.858,5.427
Sep-15-2047,4.7,32.93,87.165,5.674
Sep-15-2047,4.75,17.1,83.564,6.041
Nov-15-2047,4.7,44.21,88.803,5.535
Nov-15-2047,4.7,36.76,90.984,5.361
Nov-15-2047,4.65,16.76,85.59,5.747
Nov-15-2047,4.65,22.36,90.332,5.359
Dec-15-2047,4.55,19.02,87.081,5.51
Dec-15-2047,4.5,15.54,86.903,5.47
Dec-15-2047,4.5,27.18,84.417,5.677
Feb-15-2048,4.55,15.07,85.896,5.605
Feb-15-2048,4.45,5.98,81.974,5.828
Feb-15-2048,4.55,4.84,82.361,5.908
Feb-15-2048,4.75,13.62,88.594,5.603
Mar-15-2048,4.75,9.56,86.038,5.814
Mar-15-2048,4.75,7.5,87.268,5.71
Mar-15-2048,4.75,7.79,87.123,5.722
Mar-15-2048,4.8,8.66,87.693,5.73
Apr-15-2048,4.85,16.62,89.69,5.619
May-15-2048,4.85,4.53,89.265,5.652
May-15-2048,4.85,7.21,87.713,5.78
May-15-2048,4.9,9.69,87.671,5.838
May-15-2048,4.85,4.69,87.033,5.837
Jun-15-2048,5,51.59,93.294,5.493
Jun-15-2048,4.95,9.71,87.902,5.873
Jun-15-2048,4.9,11.01,90.555,5.602
Jul-15-2048,5.05,37.63,92.824,5.581
Aug-15-2048,4.8,5.76,85.34,5.921
Aug-15-2048,4.7,2.62,84.314,5.896
Aug-15-2048,4.65,3.05,86.534,5.653
Aug-15-2048,4.8,5.27,89.136,5.605
Aug-15-2048,4.65,2.81,86.402,5.664
Sep-15-2048,4.522,"1,246.66",92.73,5.03
Sep-15-2048,4.85,4.59,89.836,5.602
Sep-15-2048,4.7,3.08,87.385,5.636
Sep-15-2048,4.7,2.46,84.492,5.879
Oct-15-2048,4.75,2.77,86.372,5.774
Nov-15-2048,5,8.49,89.159,5.816
Nov-15-2048,5,6.1,91.742,5.609
Nov-15-2048,4.9,1.3,87.548,5.84
Dec-15-2048,5,6.6,90.817,5.681
Dec-15-2048,4.9,1.64,92.287,5.46
Jan-15-2049,4.85,1.85,90.198,5.568
Feb-15-2049,4.55,5.54,84.84,5.671
Mar-15-2049,4.5,3.17,83.27,5.744
Mar-15-2049,4.55,1.56,86.553,5.529
Mar-15-2049,4.5,3.56,82.653,5.797
Apr-15-2049,5.012,696.68,99.217,5.066
May-15-2049,4.05,2.71,77.38,5.725
Jun-15-2049,4.1,3.56,78.564,5.677
Jun-15-2049,4.05,4.67,78.711,5.605
Aug-15-2049,3.5,4.99,69.801,5.728
Aug-15-2049,3.5,5.29,75.424,5.222
Sep-15-2049,3.3,1.74,78.767,4.707
Sep-15-2049,3.55,6.66,77.448,5.109
Oct-15-2049,3.55,7.89,77.816,5.076
Oct-15-2049,3.55,8.66,78.631,5.01
Nov-15-2049,3.5,3.13,80.314,4.816
Nov-15-2049,3.55,3.74,78.716,5.001
Nov-15-2049,3.5,4.03,77.929,5.005
Dec-15-2049,3.45,2.11,77.46,4.981
Dec-15-2049,3.45,4.04,75.373,5.153
Dec-15-2049,3.4,2.64,72.327,5.354
Mar-15-2050,3,3,77.854,4.408
Mar-22-2050,4,"1,178.00",86.506,4.905
May-15-2050,2.75,0.47,74.999,4.319
May-15-2050,2.95,1.57,73.429,4.685
May-15-2050,2.95,1.83,65.236,5.4
May-16-2050,3.625,225.36,79.397,5.02
Jun-15-2050,2.8,3.57,69.367,4.829
Sep-15-2050,5.15,950,99.917,5.281
Nov-15-2050,2.75,6.16,74.018,4.375
Nov-20-2050,2.875,"2,750.00",69.801,4.869
Dec-15-2050,2.65,1.26,57.55,5.712
Mar-15-2051,5,510,100.406,4.615
Mar-22-2051,4.05,500,84.754,5.08
Mar-22-2051,3.55,"4,500.00",78.993,4.94
May-15-2051,3.35,5.35,78.098,4.768
May-15-2051,3.4,5.08,75.902,5.001
Jun-15-2051,3.35,5.52,74.473,5.054
Jun-15-2051,3.4,4.68,78.748,4.775
Jun-15-2051,3.35,6.09,70.741,5.371
Jun-15-2051,3.25,5.22,76.849,4.743
Jul-15-2051,3.05,4.43,68.969,5.137
Aug-15-2051,2.95,1.59,67.894,5.097
Aug-15-2051,3,5.19,78.898,4.289
Aug-15-2051,3,6.42,73.584,4.689
Sep-15-2051,3,5.44,74.077,4.647
Sep-15-2051,3.05,5.25,71.213,4.94
Sep-15-2051,2.95,1.87,67.263,5.149
Sep-15-2051,2.9,2.56,73.474,4.571
Nov-15-2051,3.1,5.27,75.353,4.665
Nov-15-2051,3,2.59,68.997,5.056
Nov-15-2051,3.05,2.17,75.208,4.615
Dec-15-2051,3.05,1,69.227,5.097
Dec-15-2051,3.05,1.88,74.155,4.694
Dec-15-2051,2.9,0.49,66.973,5.097
Dec-15-2051,3.05,1.71,69.227,5.097
Mar-01-2052,3.875,"1,000.00",82.884,4.998
Apr-15-2052,4,0.95,75.048,5.779
May-15-2052,4.55,0.24,80.851,5.936
May-15-2052,4.8,0.52,92.974,5.273
May-15-2052,4.65,0.47,86.256,5.611
Jun-15-2052,4.65,0.75,91.65,5.208
Jun-15-2052,4.45,0.1,90.224,5.095
Jun-15-2052,4.45,0.07,94.668,4.79
Aug-15-2052,4.6,0.64,91.135,5.19
Aug-15-2052,4.65,0.15,91.729,5.201
Aug-15-2052,4.65,0.35,93.134,5.103
Sep-15-2052,4.85,0.4,96.158,5.103
May-02-2053,5.32,730,99.991,5.344
Aug-21-2054,5.012,793.98,99.267,5.059
Mar-04-2055,4.1,655,85.142,5.039
Mar-15-2055,4.672,722.56,93.888,5.059
Oct-30-2056,2.987,"3,651.15",67.884,4.956
Feb-24-2060,3.6,"2,385.00",76.414,5.006
Sep-29-2060,3,"1,123.00",65.163,5.087
Nov-20-2060,3,"2,000.00",66.739,4.956
Mar-22-2061,3.7,"3,500.00",77.359,5.043
