
〓〓〓〓文本3045A中,连中的情况:〓〓〓〓
共3次:05,15,24,25,39,41,42,43,
共4次:02,04,07,08,09,10,12,13,14,16,17,18,21,29,31,35,36,37,40,44,45,46,
共5次:01,03,06,11,19,22,23,26,27,28,30,32,33,34,47,49,
共6次:48,
共7次:20,38,

〓〓〓〓文本3045B中,连中的情况:〓〓〓〓
共3次:02,05,09,10,13,16,17,23,35,42,
共4次:01,03,04,06,12,14,15,21,22,24,25,27,29,30,31,32,34,37,38,39,40,44,45,46,48,49,
共5次:07,08,11,18,20,26,33,36,43,47,
共6次:19,28,41,

〓〓〓〓文本3045C中,连中的情况:〓〓〓〓
共3次:10,21,23,26,29,30,36,43,47,
共4次:01,02,04,06,07,08,09,11,12,13,14,15,19,20,24,28,33,34,35,39,44,45,46,48,
共5次:03,05,16,17,18,22,25,27,31,32,37,38,40,41,49,
共6次:42,

〓〓〓〓文本3045D中,连中的情况:〓〓〓〓
共3次:03,07,12,17,28,29,41,43,48,
共4次:01,05,06,09,10,11,14,15,16,18,20,21,26,27,30,31,32,33,34,35,36,38,39,40,45,46,47,
共5次:02,04,13,19,25,42,44,
共6次:08,22,23,24,37,
共7次:49,

〓〓〓〓文本3045E中,连中的情况:〓〓〓〓
共3次:02,06,12,14,23,26,33,37,40,
共4次:01,04,05,07,09,10,11,15,16,17,19,20,21,22,24,27,28,31,32,34,36,39,41,42,44,47,
共5次:03,08,13,25,29,30,38,43,45,46,48,49,
共6次:35,
共7次:18,

〓〓〓〓文本5中,连中的情况:〓〓〓〓
共13次:32,
共14次:02,17,33,
共15次:04,07,26,
共16次:05,18,21,31,37,
共17次:16,20,24,42,45,
共18次:08,09,12,15,35,40,41,43,46,48,
共19次:25,34,
共21次:06,13,14,19,23,36,38,
共22次:01,10,27,28,
共23次:29,39,
共24次:30,
共27次:22,
共29次:11,
共30次:44,47,
共31次:03,
共32次:49,

〓〓〓〓选取4-6次综合统计〓〓〓〓
共2次:23,43, (2 码)
共3次:02,05,10,12,17,26,29,41,42, (9 码)
共4次:03,06,07,09,13,14,15,16,18,20,21,24,25,28,30,33,35,36,37,38,39,40,47,48,49, (25 码)
共5次:01,04,08,11,19,22,27,31,32,34,44,45,46, (13 码)
